0.000000,
0.040752,
0.081369,
0.121716,
0.161660,
0.201067,
0.239808,
0.277753,
0.314778,
0.350758,
0.385575,
0.419113,
0.451262,
0.481913,
0.510967,
0.538326,
0.563900,
0.587604,
0.609359,
0.629093,
0.646741,
0.662244,
0.675550,
0.686617,
0.695406,
0.701889,
0.706045,
0.707858,
0.707325,
0.704445,
0.699230,
0.691695,
0.681867,
0.669777,
0.655466,
0.638981,
0.620378,
0.599716,
0.577066,
0.552502,
0.526106,
0.497965,
0.468173,
0.436828,
0.404034,
0.369900,
0.334540,
0.298070,
0.260612,
0.222289,
0.183230,
0.143562,
0.103419,
0.062932,
0.022237,
-0.018532,
-0.059240,
-0.099751,
-0.139931,
-0.179647,
-0.218767,
-0.257162,
-0.294704,
-0.331269,
-0.366735,
-0.400985,
-0.433905,
-0.465386,
-0.495324,
-0.523619,
-0.550177,
-0.574911,
-0.597739,
-0.618583,
-0.637377,
-0.654057,
-0.668567,
-0.680861,
-0.690896,
-0.698640,
-0.704068,
-0.707160,
-0.707907,
-0.706306,
-0.702363,
-0.696091,
-0.687510,
-0.676650,
-0.663545,
-0.648239,
-0.630784,
-0.611237,
-0.589663,
-0.566133,
-0.540726,
-0.513525,
-0.484622,
-0.454111,
-0.422095,
-0.388678,
-0.353973,
-0.318093,
-0.281159,
-0.243292,
-0.204619,
-0.165267,
-0.125366,
-0.085050,
-0.044452,
-0.003707,
0.037052,
0.077687,
0.118064,
0.158049,
0.197511,
0.236318,
0.274340,
0.311453,
0.347534,
0.382461,
0.416120,
0.448399,
0.479192,
0.508395,
0.535912,
0.561651,
0.585529,
0.607464,
